id,name,type,length
1,1,AP,0.000000
2,2,DRIFT,4.380000
3,3,BPM,0.000000
4,4,DRIFT,1.288300
5,5,QUAD,0.406400
6,6,DRIFT,0.146800
7,7,DRIFT,0.005000
8,8,SEXT,0.290000
9,9,DRIFT,0.005000
10,10,DRIFT,0.231850
11,11,QUAD,0.606300
12,12,DRIFT,0.458350
13,13,QUAD,0.307000
14,14,DRIFT,0.196500
15,15,DRIFT,0.005000
16,16,SEXT,0.290000
17,17,DRIFT,0.005000
18,18,DRIFT,0.185000
19,19,BPM,0.000000
20,20,DRIFT,0.484000
21,21,BEND,0.933000
22,22,DRIFT,0.585800
23,23,QUAD,0.406400
24,24,DRIFT,0.158300
25,25,BPM,0.000000
26,26,DRIFT,0.263500
27,27,DRIFT,0.005000
28,28,SEXT,0.190000
29,29,DRIFT,0.005000
30,30,DRIFT,0.195200
31,31,QUAD,0.407600
32,32,DRIFT,0.118700
33,33,BPM,0.000000
34,34,DRIFT,0.116000
35,35,DRIFT,0.005000
36,36,SEXT,0.290000
37,37,DRIFT,0.005000
38,38,DRIFT,0.234700
39,39,QUAD,0.407600
40,40,DRIFT,0.195200
41,41,DRIFT,0.005000
42,42,SEXT,0.190000
43,43,DRIFT,0.005000
44,44,DRIFT,0.421800
45,45,QUAD,0.406400
46,46,DRIFT,0.101800
47,47,BPM,0.000000
48,48,DRIFT,0.484000
49,49,BEND,0.933000
50,50,DRIFT,0.669000
51,51,DRIFT,0.005000
52,52,SEXT,0.290000
53,53,DRIFT,0.005000
54,54,DRIFT,0.196500
55,55,QUAD,0.307000
56,56,DRIFT,0.173000
57,57,BPM,0.000000
58,58,DRIFT,0.285350
59,59,QUAD,0.606300
60,60,DRIFT,0.231850
61,61,DRIFT,0.005000
62,62,SEXT,0.290000
63,63,DRIFT,0.005000
64,64,DRIFT,0.146800
65,65,QUAD,0.406400
66,66,DRIFT,1.288300
67,67,BPM,0.000000
68,68,DRIFT,0.002500
69,69,DRIFT,1.219500
70,70,DRIFT,0.050000
71,71,HCHICA,0.000000
72,72,DRIFT,0.050000
73,73,DRIFT,0.280500
74,74,DRIFT,0.150000
75,75,HTRIM,0.000000
76,76,VTRIM,0.000000
77,77,DRIFT,0.150000
78,78,DRIFT,0.977500
79,79,source,0.000000
80,80,DRIFT,0.977500
81,81,DRIFT,0.150000
82,82,HTRIM,0.000000
83,83,VTRIM,0.000000
84,84,DRIFT,0.150000
85,85,DRIFT,0.054000
86,86,DRIFT,0.050000
87,87,HCHICA,0.000000
88,88,DRIFT,0.050000
89,89,DRIFT,0.907000
90,90,DRIFT,0.050000
91,91,HCHICA,0.000000
92,92,DRIFT,0.050000
93,93,DRIFT,0.339000
94,94,DRIFT,0.002500
95,95,BPM,0.000000
96,96,DRIFT,0.366820
97,97,DRIFT,0.126181
98,98,DRIFT,0.050000
99,99,QUAD,0.250000
100,100,DRIFT,0.112500
101,101,SEXT,0.175000
102,102,DRIFT,0.172500
103,103,QUAD,0.250000
104,104,DRIFT,0.069280
105,105,DRIFT,0.100000
106,106,DRIFT,0.075000
107,107,SEXT,0.175000
108,108,DRIFT,0.075000
109,109,DRIFT,0.100000
110,110,DRIFT,0.112500
111,111,BEND,0.670431
112,112,DRIFT,0.185194
113,113,DRIFT,0.033729
114,114,DRIFT,0.025411
115,115,DRIFT,0.247889
116,116,DRIFT,0.003000
117,117,DRIFT,0.055324
118,118,BPM,0.000000
119,119,DRIFT,0.055173
120,120,SEXT,0.175000
121,121,DRIFT,0.088380
122,122,QUAD,0.250000
123,123,DRIFT,0.031123
124,124,DRIFT,0.003000
125,125,DRIFT,0.115877
126,126,SEXT,0.175000
127,127,DRIFT,0.150000
128,128,QUAD,0.250000
129,129,DRIFT,0.088380
130,130,SEXT,0.175000
131,131,DRIFT,0.042543
132,132,DRIFT,0.003000
133,133,DRIFT,0.112894
134,134,BPM,0.000000
135,135,DRIFT,0.229063
136,136,BEND,0.966928
137,137,DRIFT,0.068240
138,138,DRIFT,0.073540
139,139,DRIFT,0.096600
140,140,QUAD,0.250000
141,141,DRIFT,0.000010
142,142,DRIFT,0.000000
143,143,DRIFT,0.011240
144,144,DRIFT,0.206000
145,145,BPM,0.000000
146,146,DRIFT,0.114000
147,147,DRIFT,0.368750
148,148,DRIFT,1.000000
149,149,source,0.000000
150,150,DRIFT,1.000000
151,151,DRIFT,0.375420
152,152,DRIFT,0.107330
153,153,BPM,0.000000
154,154,DRIFT,0.217250
155,155,QUAD,0.250000
156,156,DRIFT,0.096600
157,157,DRIFT,0.036080
158,158,DRIFT,0.003000
159,159,DRIFT,0.102700
160,160,BEND,0.966928
161,161,DRIFT,0.037500
162,162,DRIFT,0.141042
163,163,DRIFT,0.033728
164,164,DRIFT,0.024583
165,165,DRIFT,0.038147
166,166,DRIFT,0.112500
167,167,SEXT,0.175000
168,168,DRIFT,0.088380
169,169,QUAD,0.250000
170,170,DRIFT,0.020890
171,171,DRIFT,0.003000
172,172,DRIFT,0.075286
173,173,BPM,0.000000
174,174,DRIFT,0.050824
175,175,SEXT,0.175000
176,176,DRIFT,0.150000
177,177,QUAD,0.250000
178,178,DRIFT,0.088380
179,179,SEXT,0.175000
180,180,DRIFT,0.269070
181,181,DRIFT,0.003000
182,182,DRIFT,0.103390
183,183,BPM,0.000000
184,184,DRIFT,0.230260
185,185,BEND,0.670431
186,186,DRIFT,0.112500
187,187,DRIFT,0.050309
188,188,DRIFT,0.049691
189,189,DRIFT,0.075000
190,190,SEXT,0.175000
191,191,DRIFT,0.075000
192,192,DRIFT,0.100000
193,193,DRIFT,0.069280
194,194,QUAD,0.250000
195,195,DRIFT,0.000559
196,196,DRIFT,0.003000
197,197,DRIFT,0.168941
198,198,SEXT,0.175000
199,199,DRIFT,0.112500
200,200,QUAD,0.250000
201,201,DRIFT,0.061559
202,202,DRIFT,0.003000
203,203,DRIFT,0.113000
204,204,DRIFT,0.048442
205,205,DRIFT,0.086001
206,206,DRIFT,0.130999
207,207,DRIFT,0.100000
208,208,BPM,0.000000
209,209,DRIFT,0.002500
210,210,DRIFT,1.119500
211,211,DRIFT,0.050000
212,212,HCHICA,0.000000
213,213,DRIFT,0.050000
214,214,DRIFT,0.281500
215,215,DRIFT,0.150000
216,216,HTRIM,0.000000
217,217,VTRIM,0.000000
218,218,DRIFT,0.150000
219,219,DRIFT,0.976500
220,220,source,0.000000
221,221,DRIFT,0.976500
222,222,DRIFT,0.150000
223,223,HTRIM,0.000000
224,224,VTRIM,0.000000
225,225,DRIFT,0.150000
226,226,DRIFT,0.055000
227,227,DRIFT,0.050000
228,228,HCHICA,0.000000
229,229,DRIFT,0.050000
230,230,DRIFT,0.907000
231,231,DRIFT,0.050000
232,232,HCHICA,0.000000
233,233,DRIFT,0.050000
234,234,DRIFT,0.439000
235,235,DRIFT,0.002500
236,236,BPM,0.000000
237,237,DRIFT,1.288300
238,238,QUAD,0.406400
239,239,DRIFT,0.146800
240,240,DRIFT,0.005000
241,241,SEXT,0.290000
242,242,DRIFT,0.005000
243,243,DRIFT,0.231850
244,244,QUAD,0.606300
245,245,DRIFT,0.458350
246,246,QUAD,0.307000
247,247,DRIFT,0.196500
248,248,DRIFT,0.005000
249,249,SEXT,0.290000
250,250,DRIFT,0.005000
251,251,DRIFT,0.185000
252,252,BPM,0.000000
253,253,DRIFT,0.484000
254,254,BEND,0.933000
255,255,DRIFT,0.585800
256,256,QUAD,0.406400
257,257,DRIFT,0.158300
258,258,BPM,0.000000
259,259,DRIFT,0.263500
260,260,DRIFT,0.005000
261,261,SEXT,0.190000
262,262,DRIFT,0.005000
263,263,DRIFT,0.195200
264,264,QUAD,0.407600
265,265,DRIFT,0.118700
266,266,BPM,0.000000
267,267,DRIFT,0.116000
268,268,DRIFT,0.005000
269,269,SEXT,0.290000
270,270,DRIFT,0.005000
271,271,DRIFT,0.234700
272,272,QUAD,0.407600
273,273,DRIFT,0.195200
274,274,DRIFT,0.005000
275,275,SEXT,0.190000
276,276,DRIFT,0.005000
277,277,DRIFT,0.421800
278,278,QUAD,0.406400
279,279,DRIFT,0.101800
280,280,BPM,0.000000
281,281,DRIFT,0.484000
282,282,BEND,0.933000
283,283,DRIFT,0.669000
284,284,DRIFT,0.005000
285,285,SEXT,0.290000
286,286,DRIFT,0.005000
287,287,DRIFT,0.196500
288,288,QUAD,0.307000
289,289,DRIFT,0.173000
290,290,BPM,0.000000
291,291,DRIFT,0.285350
292,292,QUAD,0.606300
293,293,DRIFT,0.231850
294,294,DRIFT,0.005000
295,295,SEXT,0.290000
296,296,DRIFT,0.005000
297,297,DRIFT,0.146800
298,298,QUAD,0.406400
299,299,DRIFT,1.288300
300,300,BPM,0.000000
301,301,DRIFT,0.002500
302,302,DRIFT,1.219500
303,303,DRIFT,0.050000
304,304,HCHICA,0.000000
305,305,DRIFT,0.050000
306,306,DRIFT,0.280500
307,307,DRIFT,0.150000
308,308,HTRIM,0.000000
309,309,VTRIM,0.000000
310,310,DRIFT,0.150000
311,311,DRIFT,0.977500
312,312,source,0.000000
313,313,DRIFT,0.977500
314,314,DRIFT,0.150000
315,315,HTRIM,0.000000
316,316,VTRIM,0.000000
317,317,DRIFT,0.150000
318,318,DRIFT,0.054000
319,319,DRIFT,0.050000
320,320,HCHICA,0.000000
321,321,DRIFT,0.050000
322,322,DRIFT,0.150000
323,323,HTRIM,0.000000
324,324,VTRIM,0.000000
325,325,DRIFT,0.150000
326,326,DRIFT,0.153500
327,327,source,0.000000
328,328,DRIFT,0.153500
329,329,DRIFT,0.150000
330,330,HTRIM,0.000000
331,331,VTRIM,0.000000
332,332,DRIFT,0.150000
333,333,DRIFT,0.050000
334,334,HCHICA,0.000000
335,335,DRIFT,0.050000
336,336,DRIFT,0.439000
337,337,DRIFT,0.002500
338,338,BPM,0.000000
339,339,DRIFT,1.288300
340,340,QUAD,0.406400
341,341,DRIFT,0.146800
342,342,DRIFT,0.005000
343,343,SEXT,0.290000
344,344,DRIFT,0.005000
345,345,DRIFT,0.231850
346,346,QUAD,0.606300
347,347,DRIFT,0.458350
348,348,QUAD,0.307000
349,349,DRIFT,0.196500
350,350,DRIFT,0.005000
351,351,SEXT,0.290000
352,352,DRIFT,0.005000
353,353,DRIFT,0.185000
354,354,BPM,0.000000
355,355,DRIFT,0.484000
356,356,BEND,0.933000
357,357,DRIFT,0.585800
358,358,QUAD,0.406400
359,359,DRIFT,0.158300
360,360,BPM,0.000000
361,361,DRIFT,0.263500
362,362,DRIFT,0.005000
363,363,SEXT,0.190000
364,364,DRIFT,0.005000
365,365,DRIFT,0.195200
366,366,QUAD,0.407600
367,367,DRIFT,0.118700
368,368,BPM,0.000000
369,369,DRIFT,0.116000
370,370,DRIFT,0.005000
371,371,SEXT,0.290000
372,372,DRIFT,0.005000
373,373,DRIFT,0.234700
374,374,QUAD,0.407600
375,375,DRIFT,0.195200
376,376,DRIFT,0.005000
377,377,SEXT,0.190000
378,378,DRIFT,0.005000
379,379,DRIFT,0.421800
380,380,QUAD,0.406400
381,381,DRIFT,0.101800
382,382,BPM,0.000000
383,383,DRIFT,0.484000
384,384,BEND,0.933000
385,385,DRIFT,0.669000
386,386,DRIFT,0.005000
387,387,SEXT,0.290000
388,388,DRIFT,0.005000
389,389,DRIFT,0.196500
390,390,QUAD,0.307000
391,391,DRIFT,0.173000
392,392,BPM,0.000000
393,393,DRIFT,0.285350
394,394,QUAD,0.606300
395,395,DRIFT,0.231850
396,396,DRIFT,0.005000
397,397,SEXT,0.290000
398,398,DRIFT,0.005000
399,399,DRIFT,0.146800
400,400,QUAD,0.406400
401,401,DRIFT,1.288300
402,402,BPM,0.000000
403,403,DRIFT,0.002500
404,404,DRIFT,1.172500
405,405,DRIFT,0.150000
406,406,HTRIM,0.000000
407,407,VTRIM,0.000000
408,408,DRIFT,0.150000
409,409,DRIFT,2.905000
410,410,source,0.000000
411,411,DRIFT,2.905000
412,412,DRIFT,0.150000
413,413,HTRIM,0.000000
414,414,VTRIM,0.000000
415,415,DRIFT,0.150000
416,416,AP,0.000000
417,417,DRIFT,1.172500
418,418,DRIFT,0.002500
419,419,BPM,0.000000
420,420,DRIFT,1.288300
421,421,QUAD,0.406400
422,422,DRIFT,0.146800
423,423,DRIFT,0.005000
424,424,SEXT,0.290000
425,425,DRIFT,0.005000
426,426,DRIFT,0.231850
427,427,QUAD,0.606300
428,428,DRIFT,0.458350
429,429,QUAD,0.307000
430,430,DRIFT,0.196500
431,431,DRIFT,0.005000
432,432,SEXT,0.290000
433,433,DRIFT,0.005000
434,434,DRIFT,0.185000
435,435,BPM,0.000000
436,436,DRIFT,0.484000
437,437,BEND,0.933000
438,438,DRIFT,0.585800
439,439,QUAD,0.406400
440,440,DRIFT,0.158300
441,441,BPM,0.000000
442,442,DRIFT,0.263500
443,443,DRIFT,0.005000
444,444,SEXT,0.190000
445,445,DRIFT,0.005000
446,446,DRIFT,0.195200
447,447,QUAD,0.407600
448,448,DRIFT,0.118700
449,449,BPM,0.000000
450,450,DRIFT,0.116000
451,451,DRIFT,0.005000
452,452,SEXT,0.290000
453,453,DRIFT,0.005000
454,454,DRIFT,0.234700
455,455,QUAD,0.407600
456,456,DRIFT,0.195200
457,457,DRIFT,0.005000
458,458,SEXT,0.190000
459,459,DRIFT,0.005000
460,460,DRIFT,0.421800
461,461,QUAD,0.406400
462,462,DRIFT,0.101800
463,463,BPM,0.000000
464,464,DRIFT,0.484000
465,465,BEND,0.933000
466,466,DRIFT,0.669000
467,467,DRIFT,0.005000
468,468,SEXT,0.290000
469,469,DRIFT,0.005000
470,470,DRIFT,0.196500
471,471,QUAD,0.307000
472,472,DRIFT,0.173000
473,473,BPM,0.000000
474,474,DRIFT,0.285350
475,475,QUAD,0.606300
476,476,DRIFT,0.231850
477,477,DRIFT,0.005000
478,478,SEXT,0.290000
479,479,DRIFT,0.005000
480,480,DRIFT,0.146800
481,481,QUAD,0.406400
482,482,DRIFT,1.288300
483,483,BPM,0.000000
484,484,DRIFT,0.002500
485,485,DRIFT,0.465500
486,486,DRIFT,0.075000
487,487,HTRIM,0.000000
488,488,VTRIM,0.000000
489,489,DRIFT,0.075000
490,490,DRIFT,1.056000
491,491,source,0.000000
492,492,DRIFT,1.056000
493,493,DRIFT,0.075000
494,494,HTRIM,0.000000
495,495,VTRIM,0.000000
496,496,DRIFT,0.075000
497,497,DRIFT,0.075000
498,498,HTRIM,0.000000
499,499,VTRIM,0.000000
500,500,DRIFT,0.075000
501,501,DRIFT,1.056000
502,502,source,0.000000
503,503,DRIFT,1.056000
504,504,DRIFT,0.075000
505,505,HTRIM,0.000000
506,506,VTRIM,0.000000
507,507,DRIFT,0.075000
508,508,DRIFT,0.465500
509,509,DRIFT,0.002500
510,510,BPM,0.000000
511,511,DRIFT,1.288300
512,512,QUAD,0.406400
513,513,DRIFT,0.146800
514,514,DRIFT,0.005000
515,515,SEXT,0.290000
516,516,DRIFT,0.005000
517,517,DRIFT,0.231850
518,518,QUAD,0.606300
519,519,DRIFT,0.458350
520,520,QUAD,0.307000
521,521,DRIFT,0.196500
522,522,DRIFT,0.005000
523,523,SEXT,0.290000
524,524,DRIFT,0.005000
525,525,DRIFT,0.185000
526,526,BPM,0.000000
527,527,DRIFT,0.484000
528,528,BEND,0.933000
529,529,DRIFT,0.585800
530,530,QUAD,0.406400
531,531,DRIFT,0.158300
532,532,BPM,0.000000
533,533,DRIFT,0.263500
534,534,DRIFT,0.005000
535,535,SEXT,0.190000
536,536,DRIFT,0.005000
537,537,DRIFT,0.195200
538,538,QUAD,0.407600
539,539,DRIFT,0.118700
540,540,BPM,0.000000
541,541,DRIFT,0.116000
542,542,DRIFT,0.005000
543,543,SEXT,0.290000
544,544,DRIFT,0.005000
545,545,DRIFT,0.234700
546,546,QUAD,0.407600
547,547,DRIFT,0.195200
548,548,DRIFT,0.005000
549,549,SEXT,0.190000
550,550,DRIFT,0.005000
551,551,DRIFT,0.421800
552,552,QUAD,0.406400
553,553,DRIFT,0.101800
554,554,BPM,0.000000
555,555,DRIFT,0.484000
556,556,BEND,0.933000
557,557,DRIFT,0.669000
558,558,DRIFT,0.005000
559,559,SEXT,0.290000
560,560,DRIFT,0.005000
561,561,DRIFT,0.196500
562,562,QUAD,0.307000
563,563,DRIFT,0.173000
564,564,BPM,0.000000
565,565,DRIFT,0.285350
566,566,QUAD,0.606300
567,567,DRIFT,0.231850
568,568,DRIFT,0.005000
569,569,SEXT,0.290000
570,570,DRIFT,0.005000
571,571,DRIFT,0.146800
572,572,QUAD,0.406400
573,573,DRIFT,1.288300
574,574,BPM,0.000000
575,575,DRIFT,0.002500
576,576,DRIFT,1.219500
577,577,DRIFT,0.050000
578,578,HCHICA,0.000000
579,579,DRIFT,0.050000
580,580,DRIFT,0.280500
581,581,DRIFT,0.150000
582,582,HTRIM,0.000000
583,583,VTRIM,0.000000
584,584,DRIFT,0.150000
585,585,DRIFT,0.977500
586,586,source,0.000000
587,587,DRIFT,0.977500
588,588,DRIFT,0.150000
589,589,HTRIM,0.000000
590,590,VTRIM,0.000000
591,591,DRIFT,0.150000
592,592,DRIFT,0.054000
593,593,DRIFT,0.050000
594,594,HCHICA,0.000000
595,595,DRIFT,0.050000
596,596,DRIFT,0.907000
597,597,DRIFT,0.050000
598,598,HCHICA,0.000000
599,599,DRIFT,0.050000
600,600,DRIFT,0.439000
601,601,DRIFT,0.002500
602,602,BPM,0.000000
603,603,DRIFT,1.288300
604,604,QUAD,0.406400
605,605,DRIFT,0.146800
606,606,DRIFT,0.005000
607,607,SEXT,0.290000
608,608,DRIFT,0.005000
609,609,DRIFT,0.231850
610,610,QUAD,0.606300
611,611,DRIFT,0.458350
612,612,QUAD,0.307000
613,613,DRIFT,0.196500
614,614,DRIFT,0.005000
615,615,SEXT,0.290000
616,616,DRIFT,0.005000
617,617,DRIFT,0.185000
618,618,BPM,0.000000
619,619,DRIFT,0.484000
620,620,BEND,0.933000
621,621,DRIFT,0.585800
622,622,QUAD,0.406400
623,623,DRIFT,0.158300
624,624,BPM,0.000000
625,625,DRIFT,0.263500
626,626,DRIFT,0.005000
627,627,SEXT,0.190000
628,628,DRIFT,0.005000
629,629,DRIFT,0.195200
630,630,QUAD,0.407600
631,631,DRIFT,0.118700
632,632,BPM,0.000000
633,633,DRIFT,0.116000
634,634,DRIFT,0.005000
635,635,SEXT,0.290000
636,636,DRIFT,0.005000
637,637,DRIFT,0.234700
638,638,QUAD,0.407600
639,639,DRIFT,0.195200
640,640,DRIFT,0.005000
641,641,SEXT,0.190000
642,642,DRIFT,0.005000
643,643,DRIFT,0.421800
644,644,QUAD,0.406400
645,645,DRIFT,0.101800
646,646,BPM,0.000000
647,647,DRIFT,0.484000
648,648,source,0.000000
649,649,BEND,0.933000
650,650,DRIFT,0.669000
651,651,DRIFT,0.005000
652,652,SEXT,0.290000
653,653,DRIFT,0.005000
654,654,DRIFT,0.196500
655,655,QUAD,0.307000
656,656,DRIFT,0.173000
657,657,BPM,0.000000
658,658,DRIFT,0.285350
659,659,QUAD,0.606300
660,660,DRIFT,0.231850
661,661,DRIFT,0.005000
662,662,SEXT,0.290000
663,663,DRIFT,0.005000
664,664,DRIFT,0.146800
665,665,QUAD,0.406400
666,666,DRIFT,1.288300
667,667,BPM,0.000000
668,668,DRIFT,0.002500
669,669,DRIFT,0.150000
670,670,HTRIM,0.000000
671,671,VTRIM,0.000000
672,672,DRIFT,0.150000
673,673,DRIFT,2.577500
674,674,source,0.000000
675,675,DRIFT,2.577500
676,676,DRIFT,0.150000
677,677,HTRIM,0.000000
678,678,VTRIM,0.000000
679,679,DRIFT,0.150000
680,680,DRIFT,0.002500
681,681,BPM,0.000000
682,682,DRIFT,1.288300
683,683,QUAD,0.406400
684,684,DRIFT,0.146800
685,685,DRIFT,0.005000
686,686,SEXT,0.290000
687,687,DRIFT,0.005000
688,688,DRIFT,0.231850
689,689,QUAD,0.606300
690,690,DRIFT,0.458350
691,691,QUAD,0.307000
692,692,DRIFT,0.196500
693,693,DRIFT,0.005000
694,694,SEXT,0.290000
695,695,DRIFT,0.005000
696,696,DRIFT,0.185000
697,697,BPM,0.000000
698,698,DRIFT,0.484000
699,699,BEND,0.933000
700,700,DRIFT,0.585800
701,701,QUAD,0.406400
702,702,DRIFT,0.158300
703,703,BPM,0.000000
704,704,DRIFT,0.263500
705,705,DRIFT,0.005000
706,706,SEXT,0.190000
707,707,DRIFT,0.005000
708,708,DRIFT,0.195200
709,709,QUAD,0.407600
710,710,DRIFT,0.118700
711,711,BPM,0.000000
712,712,DRIFT,0.116000
713,713,DRIFT,0.005000
714,714,SEXT,0.290000
715,715,DRIFT,0.005000
716,716,DRIFT,0.234700
717,717,QUAD,0.407600
718,718,DRIFT,0.195200
719,719,DRIFT,0.005000
720,720,SEXT,0.190000
721,721,DRIFT,0.005000
722,722,DRIFT,0.421800
723,723,QUAD,0.406400
724,724,DRIFT,0.101800
725,725,BPM,0.000000
726,726,DRIFT,0.484000
727,727,BEND,0.933000
728,728,DRIFT,0.669000
729,729,DRIFT,0.005000
730,730,SEXT,0.290000
731,731,DRIFT,0.005000
732,732,DRIFT,0.196500
733,733,QUAD,0.307000
734,734,DRIFT,0.173000
735,735,BPM,0.000000
736,736,DRIFT,0.285350
737,737,QUAD,0.606300
738,738,DRIFT,0.231850
739,739,DRIFT,0.005000
740,740,SEXT,0.290000
741,741,DRIFT,0.005000
742,742,DRIFT,0.146800
743,743,QUAD,0.406400
744,744,DRIFT,0.288340
745,745,QUAD,0.300000
746,746,DRIFT,0.152700
747,747,DRIFT,0.050000
748,748,HCHICA,0.000000
749,749,DRIFT,0.050000
750,750,DRIFT,0.310760
751,751,BPM,0.000000
752,752,DRIFT,0.150000
753,753,HTRIM,0.000000
754,754,VTRIM,0.000000
755,755,DRIFT,0.150000
756,756,DRIFT,1.202995
757,757,source,0.000000
758,758,DRIFT,1.202995
759,759,DRIFT,0.150000
760,760,HTRIM,0.000000
761,761,VTRIM,0.000000
762,762,DRIFT,0.150000
763,763,BPM,0.000000
764,764,DRIFT,0.260100
765,765,DRIFT,0.564080
766,766,DRIFT,0.050000
767,767,HCHICA,0.000000
768,768,DRIFT,0.050000
769,769,DRIFT,0.386070
770,770,QUAD,0.600000
771,771,DRIFT,0.200000
772,772,QUAD,0.400000
773,773,DRIFT,0.092530
774,774,BPM,0.000000
775,775,DRIFT,0.080890
776,776,DRIFT,0.150000
777,777,HTRIM,0.000000
778,778,VTRIM,0.000000
779,779,DRIFT,0.150000
780,780,DRIFT,1.426070
781,781,source,0.000000
782,782,DRIFT,1.426070
783,783,DRIFT,0.150000
784,784,HTRIM,0.000000
785,785,VTRIM,0.000000
786,786,DRIFT,0.150000
787,787,BPM,0.000000
788,788,DRIFT,0.308440
789,789,DRIFT,0.050000
790,790,HCHICA,0.000000
791,791,DRIFT,0.050000
792,792,DRIFT,0.137760
793,793,QUAD,0.300000
794,794,DRIFT,0.196800
795,795,QUAD,0.406400
796,796,DRIFT,0.146800
797,797,DRIFT,0.005000
798,798,SEXT,0.290000
799,799,DRIFT,0.005000
800,800,DRIFT,0.231850
801,801,QUAD,0.606300
802,802,DRIFT,0.458350
803,803,QUAD,0.307000
804,804,DRIFT,0.196500
805,805,DRIFT,0.005000
806,806,SEXT,0.290000
807,807,DRIFT,0.005000
808,808,DRIFT,0.185000
809,809,BPM,0.000000
810,810,DRIFT,0.484000
811,811,BEND,0.933000
812,812,DRIFT,0.585800
813,813,QUAD,0.406400
814,814,DRIFT,0.158300
815,815,BPM,0.000000
816,816,DRIFT,0.263500
817,817,DRIFT,0.005000
818,818,SEXT,0.190000
819,819,DRIFT,0.005000
820,820,DRIFT,0.195200
821,821,QUAD,0.407600
822,822,DRIFT,0.118700
823,823,BPM,0.000000
824,824,DRIFT,0.116000
825,825,DRIFT,0.005000
826,826,SEXT,0.290000
827,827,DRIFT,0.005000
828,828,DRIFT,0.234700
829,829,QUAD,0.407600
830,830,DRIFT,0.195200
831,831,DRIFT,0.005000
832,832,SEXT,0.190000
833,833,DRIFT,0.005000
834,834,DRIFT,0.421800
835,835,QUAD,0.406400
836,836,DRIFT,0.101800
837,837,BPM,0.000000
838,838,DRIFT,0.484000
839,839,BEND,0.933000
840,840,DRIFT,0.669000
841,841,DRIFT,0.005000
842,842,SEXT,0.290000
843,843,DRIFT,0.005000
844,844,DRIFT,0.196500
845,845,QUAD,0.307000
846,846,DRIFT,0.173000
847,847,BPM,0.000000
848,848,DRIFT,0.285350
849,849,QUAD,0.606300
850,850,DRIFT,0.231850
851,851,DRIFT,0.005000
852,852,SEXT,0.290000
853,853,DRIFT,0.005000
854,854,DRIFT,0.146800
855,855,QUAD,0.406400
856,856,DRIFT,0.150600
857,857,BPM,0.000000
858,858,DRIFT,0.234100
859,859,DRIFT,0.050000
860,860,HCHICA,0.000000
861,861,DRIFT,0.050000
862,862,DRIFT,0.727600
863,863,DRIFT,0.050000
864,864,HCHICA,0.000000
865,865,DRIFT,0.050000
866,866,DRIFT,0.539000
867,867,DRIFT,0.150000
868,868,HTRIM,0.000000
869,869,VTRIM,0.000000
870,870,DRIFT,0.150000
871,871,DRIFT,0.785000
872,872,source,0.000000
873,873,DRIFT,0.785000
874,874,DRIFT,0.150000
875,875,HTRIM,0.000000
876,876,VTRIM,0.000000
877,877,DRIFT,0.150000
878,878,DRIFT,0.059500
879,879,BPM10,0.000000
880,880,DRIFT,0.037500
881,881,DRIFT,0.050000
882,882,HCHICA,0.000000
883,883,DRIFT,0.050000
884,884,DRIFT,0.037500
885,885,BPM10,0.000000
886,886,DRIFT,0.059500
887,887,DRIFT,0.150000
888,888,HTRIM,0.000000
889,889,VTRIM,0.000000
890,890,DRIFT,0.150000
891,891,DRIFT,0.785000
892,892,source,0.000000
893,893,DRIFT,0.785000
894,894,DRIFT,0.150000
895,895,HTRIM,0.000000
896,896,VTRIM,0.000000
897,897,DRIFT,0.150000
898,898,DRIFT,0.539000
899,899,DRIFT,0.050000
900,900,HCHICA,0.000000
901,901,DRIFT,0.050000
902,902,DRIFT,0.727600
903,903,DRIFT,0.050000
904,904,HCHICA,0.000000
905,905,DRIFT,0.050000
906,906,DRIFT,0.234600
907,907,BPM,0.000000
908,908,DRIFT,0.150100
909,909,QUAD,0.406400
910,910,DRIFT,0.146800
911,911,DRIFT,0.005000
912,912,SEXT,0.290000
913,913,DRIFT,0.005000
914,914,DRIFT,0.231850
915,915,QUAD,0.606300
916,916,DRIFT,0.458350
917,917,QUAD,0.307000
918,918,DRIFT,0.196500
919,919,DRIFT,0.005000
920,920,SEXT,0.290000
921,921,DRIFT,0.005000
922,922,DRIFT,0.185000
923,923,BPM,0.000000
924,924,DRIFT,0.484000
925,925,BEND,0.933000
926,926,DRIFT,0.585800
927,927,QUAD,0.406400
928,928,DRIFT,0.158300
929,929,BPM,0.000000
930,930,DRIFT,0.263500
931,931,DRIFT,0.005000
932,932,SEXT,0.190000
933,933,DRIFT,0.005000
934,934,DRIFT,0.195200
935,935,QUAD,0.407600
936,936,DRIFT,0.118700
937,937,BPM,0.000000
938,938,DRIFT,0.116000
939,939,DRIFT,0.005000
940,940,SEXT,0.290000
941,941,DRIFT,0.005000
942,942,DRIFT,0.234700
943,943,QUAD,0.407600
944,944,DRIFT,0.195200
945,945,DRIFT,0.005000
946,946,SEXT,0.190000
947,947,DRIFT,0.005000
948,948,DRIFT,0.421800
949,949,QUAD,0.406400
950,950,DRIFT,0.101800
951,951,BPM,0.000000
952,952,DRIFT,0.484000
953,953,BEND,0.933000
954,954,DRIFT,0.669000
955,955,DRIFT,0.005000
956,956,SEXT,0.290000
957,957,DRIFT,0.005000
958,958,DRIFT,0.196500
959,959,QUAD,0.307000
960,960,DRIFT,0.173000
961,961,BPM,0.000000
962,962,DRIFT,0.285350
963,963,QUAD,0.606300
964,964,DRIFT,0.231850
965,965,DRIFT,0.005000
966,966,SEXT,0.290000
967,967,DRIFT,0.005000
968,968,DRIFT,0.146800
969,969,QUAD,0.406400
970,970,DRIFT,1.288300
971,971,BPM,0.000000
972,972,DRIFT,0.002500
973,973,DRIFT,0.150000
974,974,HTRIM,0.000000
975,975,VTRIM,0.000000
976,976,DRIFT,0.150000
977,977,DRIFT,2.577500
978,978,source,0.000000
979,979,DRIFT,2.577500
980,980,DRIFT,0.150000
981,981,HTRIM,0.000000
982,982,VTRIM,0.000000
983,983,DRIFT,0.150000
984,984,DRIFT,0.002500
985,985,BPM,0.000000
986,986,DRIFT,1.288300
987,987,QUAD,0.406400
988,988,DRIFT,0.146800
989,989,DRIFT,0.005000
990,990,SEXT,0.290000
991,991,DRIFT,0.005000
992,992,DRIFT,0.231850
993,993,QUAD,0.606300
994,994,DRIFT,0.458350
995,995,QUAD,0.307000
996,996,DRIFT,0.196500
997,997,DRIFT,0.005000
998,998,SEXT,0.290000
999,999,DRIFT,0.005000
1000,1000,DRIFT,0.185000
1001,1001,BPM,0.000000
1002,1002,DRIFT,0.484000
1003,1003,BEND,0.933000
1004,1004,DRIFT,0.585800
1005,1005,QUAD,0.406400
1006,1006,DRIFT,0.158300
1007,1007,BPM,0.000000
1008,1008,DRIFT,0.263500
1009,1009,DRIFT,0.005000
1010,1010,SEXT,0.190000
1011,1011,DRIFT,0.005000
1012,1012,DRIFT,0.195200
1013,1013,QUAD,0.407600
1014,1014,DRIFT,0.118700
1015,1015,BPM,0.000000
1016,1016,DRIFT,0.116000
1017,1017,DRIFT,0.005000
1018,1018,SEXT,0.290000
1019,1019,DRIFT,0.005000
1020,1020,DRIFT,0.234700
1021,1021,QUAD,0.407600
1022,1022,DRIFT,0.195200
1023,1023,DRIFT,0.005000
1024,1024,DRIFT,0.190000
1025,1025,DRIFT,0.000000
1026,1026,DRIFT,0.000000
1027,1027,DRIFT,0.005000
1028,1028,DRIFT,0.421800
1029,1029,QUAD,0.406400
1030,1030,DRIFT,0.101800
1031,1031,BPM,0.000000
1032,1032,DRIFT,0.484000
1033,1033,BEND,0.933000
1034,1034,DRIFT,0.669000
1035,1035,DRIFT,0.005000
1036,1036,SEXT,0.290000
1037,1037,DRIFT,0.005000
1038,1038,DRIFT,0.196500
1039,1039,QUAD,0.307000
1040,1040,DRIFT,0.173000
1041,1041,BPM,0.000000
1042,1042,DRIFT,0.285350
1043,1043,QUAD,0.606300
1044,1044,DRIFT,0.231850
1045,1045,DRIFT,0.005000
1046,1046,SEXT,0.290000
1047,1047,DRIFT,0.005000
1048,1048,DRIFT,0.146800
1049,1049,QUAD,0.406400
1050,1050,DRIFT,1.288300
1051,1051,BPM,0.000000
1052,1052,DRIFT,0.002500
1053,1053,DRIFT,2.002500
1054,1054,DRIFT,0.150000
1055,1055,HTRIM,0.000000
1056,1056,VTRIM,0.000000
1057,1057,DRIFT,0.150000
1058,1058,MPW12,1.150000
1059,1059,DRIFT,0.150000
1060,1060,HTRIM,0.000000
1061,1061,VTRIM,0.000000
1062,1062,DRIFT,0.150000
1063,1063,DRIFT,2.002500
1064,1064,DRIFT,0.002500
1065,1065,BPM,0.000000
1066,1066,DRIFT,1.288300
1067,1067,QUAD,0.406400
1068,1068,DRIFT,0.146800
1069,1069,DRIFT,0.005000
1070,1070,SEXT,0.290000
1071,1071,DRIFT,0.005000
1072,1072,DRIFT,0.231850
1073,1073,QUAD,0.606300
1074,1074,DRIFT,0.458350
1075,1075,QUAD,0.307000
1076,1076,DRIFT,0.196500
1077,1077,DRIFT,0.005000
1078,1078,SEXT,0.290000
1079,1079,DRIFT,0.005000
1080,1080,DRIFT,0.185000
1081,1081,BPM,0.000000
1082,1082,DRIFT,0.484000
1083,1083,BEND,0.933000
1084,1084,DRIFT,0.585800
1085,1085,QUAD,0.406400
1086,1086,DRIFT,0.158300
1087,1087,BPM,0.000000
1088,1088,DRIFT,0.263500
1089,1089,DRIFT,0.005000
1090,1090,SEXT,0.190000
1091,1091,DRIFT,0.005000
1092,1092,DRIFT,0.195200
1093,1093,QUAD,0.407600
1094,1094,DRIFT,0.118700
1095,1095,BPM,0.000000
1096,1096,DRIFT,0.116000
1097,1097,DRIFT,0.005000
1098,1098,SEXT,0.290000
1099,1099,DRIFT,0.005000
1100,1100,DRIFT,0.234700
1101,1101,QUAD,0.407600
1102,1102,DRIFT,0.195200
1103,1103,DRIFT,0.005000
1104,1104,SEXT,0.190000
1105,1105,DRIFT,0.005000
1106,1106,DRIFT,0.421800
1107,1107,QUAD,0.406400
1108,1108,DRIFT,0.101800
1109,1109,BPM,0.000000
1110,1110,DRIFT,0.484000
1111,1111,BEND,0.933000
1112,1112,DRIFT,0.669000
1113,1113,DRIFT,0.005000
1114,1114,SEXT,0.290000
1115,1115,DRIFT,0.005000
1116,1116,DRIFT,0.196500
1117,1117,QUAD,0.307000
1118,1118,DRIFT,0.173000
1119,1119,BPM,0.000000
1120,1120,DRIFT,0.285350
1121,1121,QUAD,0.606300
1122,1122,DRIFT,0.231850
1123,1123,DRIFT,0.005000
1124,1124,SEXT,0.290000
1125,1125,DRIFT,0.005000
1126,1126,DRIFT,0.146800
1127,1127,QUAD,0.406400
1128,1128,DRIFT,0.288340
1129,1129,QUAD,0.300000
1130,1130,DRIFT,0.152700
1131,1131,DRIFT,0.050000
1132,1132,HCHICA,0.000000
1133,1133,DRIFT,0.050000
1134,1134,DRIFT,0.310760
1135,1135,BPM,0.000000
1136,1136,DRIFT,0.150000
1137,1137,HTRIM,0.000000
1138,1138,VTRIM,0.000000
1139,1139,DRIFT,0.150000
1140,1140,DRIFT,1.202985
1141,1141,source,0.000000
1142,1142,DRIFT,1.202985
1143,1143,DRIFT,0.150000
1144,1144,HTRIM,0.000000
1145,1145,VTRIM,0.000000
1146,1146,DRIFT,0.150000
1147,1147,BPM,0.000000
1148,1148,DRIFT,0.259750
1149,1149,DRIFT,0.564530
1150,1150,DRIFT,0.050000
1151,1151,HCHICA,0.000000
1152,1152,DRIFT,0.050000
1153,1153,DRIFT,0.385900
1154,1154,QUAD,0.600000
1155,1155,DRIFT,0.200150
1156,1156,QUAD,0.400000
1157,1157,DRIFT,0.092480
1158,1158,BPM,0.000000
1159,1159,DRIFT,0.081290
1160,1160,DRIFT,0.150000
1161,1161,HTRIM,0.000000
1162,1162,VTRIM,0.000000
1163,1163,DRIFT,0.150000
1164,1164,DRIFT,1.425865
1165,1165,source,0.000000
1166,1166,DRIFT,1.425865
1167,1167,DRIFT,0.150000
1168,1168,HTRIM,0.000000
1169,1169,VTRIM,0.000000
1170,1170,DRIFT,0.150000
1171,1171,BPM,0.000000
1172,1172,DRIFT,0.308440
1173,1173,DRIFT,0.050000
1174,1174,HCHICA,0.000000
1175,1175,DRIFT,0.050000
1176,1176,DRIFT,0.137760
1177,1177,QUAD,0.300000
1178,1178,DRIFT,0.196800
1179,1179,QUAD,0.406400
1180,1180,DRIFT,0.146800
1181,1181,DRIFT,0.005000
1182,1182,SEXT,0.290000
1183,1183,DRIFT,0.005000
1184,1184,DRIFT,0.231850
1185,1185,QUAD,0.606300
1186,1186,DRIFT,0.458350
1187,1187,QUAD,0.307000
1188,1188,DRIFT,0.196500
1189,1189,DRIFT,0.005000
1190,1190,SEXT,0.290000
1191,1191,DRIFT,0.005000
1192,1192,DRIFT,0.185000
1193,1193,BPM,0.000000
1194,1194,DRIFT,0.484000
1195,1195,BEND,0.933000
1196,1196,DRIFT,0.585800
1197,1197,QUAD,0.406400
1198,1198,DRIFT,0.158300
1199,1199,BPM,0.000000
1200,1200,DRIFT,0.263500
1201,1201,DRIFT,0.005000
1202,1202,SEXT,0.190000
1203,1203,DRIFT,0.005000
1204,1204,DRIFT,0.195200
1205,1205,QUAD,0.407600
1206,1206,DRIFT,0.118700
1207,1207,BPM,0.000000
1208,1208,DRIFT,0.116000
1209,1209,DRIFT,0.005000
1210,1210,SEXT,0.290000
1211,1211,DRIFT,0.005000
1212,1212,DRIFT,0.234700
1213,1213,QUAD,0.407600
1214,1214,DRIFT,0.195200
1215,1215,DRIFT,0.005000
1216,1216,SEXT,0.190000
1217,1217,DRIFT,0.005000
1218,1218,DRIFT,0.421800
1219,1219,QUAD,0.406400
1220,1220,DRIFT,0.101800
1221,1221,BPM,0.000000
1222,1222,DRIFT,0.484000
1223,1223,BEND,0.933000
1224,1224,DRIFT,0.669000
1225,1225,DRIFT,0.005000
1226,1226,SEXT,0.290000
1227,1227,DRIFT,0.005000
1228,1228,DRIFT,0.196500
1229,1229,QUAD,0.307000
1230,1230,DRIFT,0.173000
1231,1231,BPM,0.000000
1232,1232,DRIFT,0.285350
1233,1233,QUAD,0.606300
1234,1234,DRIFT,0.231850
1235,1235,DRIFT,0.005000
1236,1236,SEXT,0.290000
1237,1237,DRIFT,0.005000
1238,1238,DRIFT,0.146800
1239,1239,QUAD,0.406400
1240,1240,DRIFT,1.288300
1241,1241,BPM,0.000000
1242,1242,DRIFT,0.002500
1243,1243,DRIFT,0.150000
1244,1244,HTRIM,0.000000
1245,1245,VTRIM,0.000000
1246,1246,DRIFT,0.150000
1247,1247,DRIFT,2.577500
1248,1248,source,0.000000
1249,1249,DRIFT,2.577500
1250,1250,DRIFT,0.150000
1251,1251,HTRIM,0.000000
1252,1252,VTRIM,0.000000
1253,1253,DRIFT,0.150000
1254,1254,DRIFT,0.002500
1255,1255,BPM,0.000000
1256,1256,DRIFT,1.288300
1257,1257,QUAD,0.406400
1258,1258,DRIFT,0.146800
1259,1259,DRIFT,0.005000
1260,1260,SEXT,0.290000
1261,1261,DRIFT,0.005000
1262,1262,DRIFT,0.231850
1263,1263,QUAD,0.606300
1264,1264,DRIFT,0.458350
1265,1265,QUAD,0.307000
1266,1266,DRIFT,0.196500
1267,1267,DRIFT,0.005000
1268,1268,SEXT,0.290000
1269,1269,DRIFT,0.005000
1270,1270,DRIFT,0.185000
1271,1271,BPM,0.000000
1272,1272,DRIFT,0.484000
1273,1273,BEND,0.933000
1274,1274,DRIFT,0.585800
1275,1275,QUAD,0.406400
1276,1276,DRIFT,0.158300
1277,1277,BPM,0.000000
1278,1278,DRIFT,0.263500
1279,1279,DRIFT,0.005000
1280,1280,SEXT,0.190000
1281,1281,DRIFT,0.005000
1282,1282,DRIFT,0.195200
1283,1283,QUAD,0.407600
1284,1284,DRIFT,0.118700
1285,1285,BPM,0.000000
1286,1286,DRIFT,0.116000
1287,1287,DRIFT,0.005000
1288,1288,SEXT,0.290000
1289,1289,DRIFT,0.005000
1290,1290,DRIFT,0.234700
1291,1291,QUAD,0.407600
1292,1292,DRIFT,0.195200
1293,1293,DRIFT,0.005000
1294,1294,SEXT,0.190000
1295,1295,DRIFT,0.005000
1296,1296,DRIFT,0.421800
1297,1297,QUAD,0.406400
1298,1298,DRIFT,0.101800
1299,1299,BPM,0.000000
1300,1300,DRIFT,0.484000
1301,1301,BEND,0.933000
1302,1302,DRIFT,0.669000
1303,1303,DRIFT,0.005000
1304,1304,SEXT,0.290000
1305,1305,DRIFT,0.005000
1306,1306,DRIFT,0.196500
1307,1307,QUAD,0.307000
1308,1308,DRIFT,0.173000
1309,1309,BPM,0.000000
1310,1310,DRIFT,0.285350
1311,1311,QUAD,0.606300
1312,1312,DRIFT,0.231850
1313,1313,DRIFT,0.005000
1314,1314,SEXT,0.290000
1315,1315,DRIFT,0.005000
1316,1316,DRIFT,0.146800
1317,1317,QUAD,0.406400
1318,1318,DRIFT,1.288300
1319,1319,BPM,0.000000
1320,1320,DRIFT,0.002500
1321,1321,DRIFT,1.857500
1322,1322,DRIFT,0.150000
1323,1323,HTRIM,0.000000
1324,1324,VTRIM,0.000000
1325,1325,DRIFT,0.150000
1326,1326,MPW15,1.440000
1327,1327,DRIFT,0.150000
1328,1328,HTRIM,0.000000
1329,1329,VTRIM,0.000000
1330,1330,DRIFT,0.150000
1331,1331,DRIFT,1.857500
1332,1332,DRIFT,0.002500
1333,1333,BPM,0.000000
1334,1334,DRIFT,1.288300
1335,1335,QUAD,0.406400
1336,1336,DRIFT,0.146800
1337,1337,DRIFT,0.005000
1338,1338,SEXT,0.290000
1339,1339,DRIFT,0.005000
1340,1340,DRIFT,0.231850
1341,1341,QUAD,0.606300
1342,1342,DRIFT,0.458350
1343,1343,QUAD,0.307000
1344,1344,DRIFT,0.196500
1345,1345,DRIFT,0.005000
1346,1346,SEXT,0.290000
1347,1347,DRIFT,0.005000
1348,1348,DRIFT,0.185000
1349,1349,BPM,0.000000
1350,1350,DRIFT,0.484000
1351,1351,BEND,0.933000
1352,1352,DRIFT,0.585800
1353,1353,QUAD,0.406400
1354,1354,DRIFT,0.158300
1355,1355,BPM,0.000000
1356,1356,DRIFT,0.263500
1357,1357,DRIFT,0.005000
1358,1358,SEXT,0.190000
1359,1359,DRIFT,0.005000
1360,1360,DRIFT,0.195200
1361,1361,QUAD,0.407600
1362,1362,DRIFT,0.118700
1363,1363,BPM,0.000000
1364,1364,DRIFT,0.116000
1365,1365,DRIFT,0.005000
1366,1366,SEXT,0.290000
1367,1367,DRIFT,0.005000
1368,1368,DRIFT,0.234700
1369,1369,QUAD,0.407600
1370,1370,DRIFT,0.195200
1371,1371,DRIFT,0.005000
1372,1372,SEXT,0.190000
1373,1373,DRIFT,0.005000
1374,1374,DRIFT,0.421800
1375,1375,QUAD,0.406400
1376,1376,DRIFT,0.101800
1377,1377,BPM,0.000000
1378,1378,DRIFT,0.484000
1379,1379,BEND,0.933000
1380,1380,DRIFT,0.669000
1381,1381,DRIFT,0.005000
1382,1382,SEXT,0.290000
1383,1383,DRIFT,0.005000
1384,1384,DRIFT,0.196500
1385,1385,QUAD,0.307000
1386,1386,DRIFT,0.173000
1387,1387,BPM,0.000000
1388,1388,DRIFT,0.285350
1389,1389,QUAD,0.606300
1390,1390,DRIFT,0.231850
1391,1391,DRIFT,0.005000
1392,1392,SEXT,0.290000
1393,1393,DRIFT,0.005000
1394,1394,DRIFT,0.146800
1395,1395,QUAD,0.406400
1396,1396,DRIFT,1.288300
1397,1397,BPM,0.000000
1398,1398,DRIFT,0.002500
1399,1399,DRIFT,1.605500
1400,1400,DRIFT,0.150000
1401,1401,HTRIM,0.000000
1402,1402,VTRIM,0.000000
1403,1403,DRIFT,0.150000
1404,1404,DRIFT,0.972000
1405,1405,source,0.000000
1406,1406,DRIFT,0.972000
1407,1407,DRIFT,0.150000
1408,1408,HTRIM,0.000000
1409,1409,VTRIM,0.000000
1410,1410,DRIFT,0.150000
1411,1411,DRIFT,1.605500
1412,1412,DRIFT,0.002500
1413,1413,BPM,0.000000
1414,1414,DRIFT,1.288300
1415,1415,QUAD,0.406400
1416,1416,DRIFT,0.146800
1417,1417,DRIFT,0.005000
1418,1418,SEXT,0.290000
1419,1419,DRIFT,0.005000
1420,1420,DRIFT,0.231850
1421,1421,QUAD,0.606300
1422,1422,DRIFT,0.458350
1423,1423,QUAD,0.307000
1424,1424,DRIFT,0.196500
1425,1425,DRIFT,0.005000
1426,1426,SEXT,0.290000
1427,1427,DRIFT,0.005000
1428,1428,DRIFT,0.185000
1429,1429,BPM,0.000000
1430,1430,DRIFT,0.484000
1431,1431,BEND,0.933000
1432,1432,DRIFT,0.585800
1433,1433,QUAD,0.406400
1434,1434,DRIFT,0.158300
1435,1435,BPM,0.000000
1436,1436,DRIFT,0.263500
1437,1437,DRIFT,0.005000
1438,1438,SEXT,0.190000
1439,1439,DRIFT,0.005000
1440,1440,DRIFT,0.195200
1441,1441,QUAD,0.407600
1442,1442,DRIFT,0.118700
1443,1443,BPM,0.000000
1444,1444,DRIFT,0.116000
1445,1445,DRIFT,0.005000
1446,1446,SEXT,0.290000
1447,1447,DRIFT,0.005000
1448,1448,DRIFT,0.234700
1449,1449,QUAD,0.407600
1450,1450,DRIFT,0.195200
1451,1451,DRIFT,0.005000
1452,1452,SEXT,0.190000
1453,1453,DRIFT,0.005000
1454,1454,DRIFT,0.421800
1455,1455,QUAD,0.406400
1456,1456,DRIFT,0.101800
1457,1457,BPM,0.000000
1458,1458,DRIFT,0.484000
1459,1459,source,0.000000
1460,1460,BEND,0.933000
1461,1461,DRIFT,0.669000
1462,1462,DRIFT,0.005000
1463,1463,SEXT,0.290000
1464,1464,DRIFT,0.005000
1465,1465,DRIFT,0.196500
1466,1466,QUAD,0.307000
1467,1467,DRIFT,0.173000
1468,1468,BPM,0.000000
1469,1469,DRIFT,0.285350
1470,1470,QUAD,0.606300
1471,1471,DRIFT,0.231850
1472,1472,DRIFT,0.005000
1473,1473,SEXT,0.290000
1474,1474,DRIFT,0.005000
1475,1475,DRIFT,0.146800
1476,1476,QUAD,0.406400
1477,1477,DRIFT,1.288300
1478,1478,BPM,0.000000
1479,1479,DRIFT,4.380000
1480,1480,RF,0.000000
1481,1481,AP,0.000000
1482,1482,DRIFT,4.380000
1483,1483,BPM,0.000000
1484,1484,DRIFT,1.288300
1485,1485,QUAD,0.406400
1486,1486,DRIFT,0.146800
1487,1487,DRIFT,0.005000
1488,1488,SEXT,0.290000
1489,1489,DRIFT,0.005000
1490,1490,DRIFT,0.231850
1491,1491,QUAD,0.606300
1492,1492,DRIFT,0.458350
1493,1493,QUAD,0.307000
1494,1494,DRIFT,0.196500
1495,1495,DRIFT,0.005000
1496,1496,SEXT,0.290000
1497,1497,DRIFT,0.005000
1498,1498,DRIFT,0.185000
1499,1499,BPM,0.000000
1500,1500,DRIFT,0.484000
1501,1501,BEND,0.933000
1502,1502,DRIFT,0.585800
1503,1503,QUAD,0.406400
1504,1504,DRIFT,0.158300
1505,1505,BPM,0.000000
1506,1506,DRIFT,0.263500
1507,1507,DRIFT,0.005000
1508,1508,SEXT,0.190000
1509,1509,DRIFT,0.005000
1510,1510,DRIFT,0.195200
1511,1511,QUAD,0.407600
1512,1512,DRIFT,0.118700
1513,1513,BPM,0.000000
1514,1514,DRIFT,0.116000
1515,1515,DRIFT,0.005000
1516,1516,SEXT,0.290000
1517,1517,DRIFT,0.005000
1518,1518,DRIFT,0.234700
1519,1519,QUAD,0.407600
1520,1520,DRIFT,0.195200
1521,1521,DRIFT,0.005000
1522,1522,SEXT,0.190000
1523,1523,DRIFT,0.005000
1524,1524,DRIFT,0.421800
1525,1525,QUAD,0.406400
1526,1526,DRIFT,0.101800
1527,1527,BPM,0.000000
1528,1528,DRIFT,0.484000
1529,1529,BEND,0.933000
1530,1530,DRIFT,0.669000
1531,1531,DRIFT,0.005000
1532,1532,SEXT,0.290000
1533,1533,DRIFT,0.005000
1534,1534,DRIFT,0.196500
1535,1535,QUAD,0.307000
1536,1536,DRIFT,0.173000
1537,1537,BPM,0.000000
1538,1538,DRIFT,0.285350
1539,1539,QUAD,0.606300
1540,1540,DRIFT,0.231850
1541,1541,DRIFT,0.005000
1542,1542,SEXT,0.290000
1543,1543,DRIFT,0.005000
1544,1544,DRIFT,0.146800
1545,1545,QUAD,0.406400
1546,1546,DRIFT,1.288300
1547,1547,BPM,0.000000
1548,1548,DRIFT,0.002500
1549,1549,DRIFT,1.605500
1550,1550,DRIFT,0.150000
1551,1551,HTRIM,0.000000
1552,1552,VTRIM,0.000000
1553,1553,DRIFT,0.150000
1554,1554,DRIFT,0.972000
1555,1555,source,0.000000
1556,1556,DRIFT,0.972000
1557,1557,DRIFT,0.150000
1558,1558,HTRIM,0.000000
1559,1559,VTRIM,0.000000
1560,1560,DRIFT,0.150000
1561,1561,DRIFT,1.605500
1562,1562,DRIFT,0.002500
1563,1563,BPM,0.000000
1564,1564,DRIFT,1.288300
1565,1565,QUAD,0.406400
1566,1566,DRIFT,0.146800
1567,1567,DRIFT,0.005000
1568,1568,SEXT,0.290000
1569,1569,DRIFT,0.005000
1570,1570,DRIFT,0.231850
1571,1571,QUAD,0.606300
1572,1572,DRIFT,0.458350
1573,1573,QUAD,0.307000
1574,1574,DRIFT,0.196500
1575,1575,DRIFT,0.005000
1576,1576,SEXT,0.290000
1577,1577,DRIFT,0.005000
1578,1578,DRIFT,0.185000
1579,1579,BPM,0.000000
1580,1580,DRIFT,0.484000
1581,1581,BEND,0.933000
1582,1582,DRIFT,0.585800
1583,1583,QUAD,0.406400
1584,1584,DRIFT,0.158300
1585,1585,BPM,0.000000
1586,1586,DRIFT,0.263500
1587,1587,DRIFT,0.005000
1588,1588,SEXT,0.190000
1589,1589,DRIFT,0.005000
1590,1590,DRIFT,0.195200
1591,1591,QUAD,0.407600
1592,1592,DRIFT,0.118700
1593,1593,BPM,0.000000
1594,1594,DRIFT,0.116000
1595,1595,DRIFT,0.005000
1596,1596,SEXT,0.290000
1597,1597,DRIFT,0.005000
1598,1598,DRIFT,0.234700
1599,1599,QUAD,0.407600
1600,1600,DRIFT,0.195200
1601,1601,DRIFT,0.005000
1602,1602,SEXT,0.190000
1603,1603,DRIFT,0.005000
1604,1604,DRIFT,0.421800
1605,1605,QUAD,0.406400
1606,1606,DRIFT,0.101800
1607,1607,BPM,0.000000
1608,1608,DRIFT,0.484000
1609,1609,source,0.000000
1610,1610,BEND,0.933000
1611,1611,DRIFT,0.669000
1612,1612,DRIFT,0.005000
1613,1613,SEXT,0.290000
1614,1614,DRIFT,0.005000
1615,1615,DRIFT,0.196500
1616,1616,QUAD,0.307000
1617,1617,DRIFT,0.173000
1618,1618,BPM,0.000000
1619,1619,DRIFT,0.285350
1620,1620,QUAD,0.606300
1621,1621,DRIFT,0.231850
1622,1622,DRIFT,0.005000
1623,1623,SEXT,0.290000
1624,1624,DRIFT,0.005000
1625,1625,DRIFT,0.146800
1626,1626,QUAD,0.406400
1627,1627,DRIFT,1.288300
1628,1628,BPM,0.000000
1629,1629,DRIFT,0.002500
1630,1630,DRIFT,0.150000
1631,1631,HTRIM,0.000000
1632,1632,VTRIM,0.000000
1633,1633,DRIFT,0.150000
1634,1634,DRIFT,2.577500
1635,1635,source,0.000000
1636,1636,DRIFT,2.577500
1637,1637,DRIFT,0.150000
1638,1638,HTRIM,0.000000
1639,1639,VTRIM,0.000000
1640,1640,DRIFT,0.150000
1641,1641,DRIFT,0.002500
1642,1642,BPM,0.000000
1643,1643,DRIFT,1.288300
1644,1644,QUAD,0.406400
1645,1645,DRIFT,0.146800
1646,1646,DRIFT,0.005000
1647,1647,SEXT,0.290000
1648,1648,DRIFT,0.005000
1649,1649,DRIFT,0.231850
1650,1650,QUAD,0.606300
1651,1651,DRIFT,0.458350
1652,1652,QUAD,0.307000
1653,1653,DRIFT,0.196500
1654,1654,DRIFT,0.005000
1655,1655,SEXT,0.290000
1656,1656,DRIFT,0.005000
1657,1657,DRIFT,0.185000
1658,1658,BPM,0.000000
1659,1659,DRIFT,0.484000
1660,1660,BEND,0.933000
1661,1661,DRIFT,0.585800
1662,1662,QUAD,0.406400
1663,1663,DRIFT,0.158300
1664,1664,BPM,0.000000
1665,1665,DRIFT,0.263500
1666,1666,DRIFT,0.005000
1667,1667,SEXT,0.190000
1668,1668,DRIFT,0.005000
1669,1669,DRIFT,0.195200
1670,1670,QUAD,0.407600
1671,1671,DRIFT,0.118700
1672,1672,BPM,0.000000
1673,1673,DRIFT,0.116000
1674,1674,DRIFT,0.005000
1675,1675,SEXT,0.290000
1676,1676,DRIFT,0.005000
1677,1677,DRIFT,0.234700
1678,1678,QUAD,0.407600
1679,1679,DRIFT,0.195200
1680,1680,DRIFT,0.005000
1681,1681,SEXT,0.190000
1682,1682,DRIFT,0.005000
1683,1683,DRIFT,0.421800
1684,1684,QUAD,0.406400
1685,1685,DRIFT,0.101800
1686,1686,BPM,0.000000
1687,1687,DRIFT,0.484000
1688,1688,BEND,0.933000
1689,1689,DRIFT,0.669000
1690,1690,DRIFT,0.005000
1691,1691,SEXT,0.290000
1692,1692,DRIFT,0.005000
1693,1693,DRIFT,0.196500
1694,1694,QUAD,0.307000
1695,1695,DRIFT,0.173000
1696,1696,BPM,0.000000
1697,1697,DRIFT,0.285350
1698,1698,QUAD,0.606300
1699,1699,DRIFT,0.231850
1700,1700,DRIFT,0.005000
1701,1701,SEXT,0.290000
1702,1702,DRIFT,0.005000
1703,1703,DRIFT,0.146800
1704,1704,QUAD,0.406400
1705,1705,DRIFT,1.288300
1706,1706,BPM,0.000000
1707,1707,DRIFT,0.002500
1708,1708,DRIFT,0.227500
1709,1709,DRIFT,0.149000
1710,1710,DRIFT,0.050000
1711,1711,HCHICA,0.000000
1712,1712,DRIFT,0.050000
1713,1713,DRIFT,1.016000
1714,1714,DRIFT,0.050000
1715,1715,DRIFT,0.100000
1716,1716,HTRIM,0.000000
1717,1717,VTRIM,0.000000
1718,1718,DRIFT,0.100000
1719,1719,DRIFT,0.046000
1720,1720,DRIFT,1.014000
1721,1721,source,0.000000
1722,1722,DRIFT,1.014000
1723,1723,DRIFT,0.038000
1724,1724,DRIFT,0.050000
1725,1725,DRIFT,0.100000
1726,1726,HTRIM,0.000000
1727,1727,VTRIM,0.000000
1728,1728,DRIFT,0.100000
1729,1729,DRIFT,0.050000
1730,1730,DRIFT,0.022000
1731,1731,DRIFT,0.050000
1732,1732,HCHICA,0.000000
1733,1733,DRIFT,0.050000
1734,1734,DRIFT,0.022500
1735,1735,HTRIM,0.000000
1736,1736,VTRIM,0.000000
1737,1737,DRIFT,0.397500
1738,1738,source,0.000000
1739,1739,DRIFT,0.397500
1740,1740,HTRIM,0.000000
1741,1741,VTRIM,0.000000
1742,1742,DRIFT,0.130000
1743,1743,DRIFT,0.050000
1744,1744,DRIFT,0.050000
1745,1745,HCHICA,0.000000
1746,1746,DRIFT,0.050000
1747,1747,DRIFT,0.203000
1748,1748,DRIFT,0.178000
1749,1749,DRIFT,0.002500
1750,1750,BPM,0.000000
1751,1751,DRIFT,0.288300
1752,1752,DRIFT,1.000000
1753,1753,QUAD,0.406400
1754,1754,DRIFT,0.146800
1755,1755,DRIFT,0.005000
1756,1756,SEXT,0.290000
1757,1757,DRIFT,0.005000
1758,1758,DRIFT,0.231850
1759,1759,QUAD,0.606300
1760,1760,DRIFT,0.458350
1761,1761,QUAD,0.307000
1762,1762,DRIFT,0.196500
1763,1763,DRIFT,0.005000
1764,1764,SEXT,0.290000
1765,1765,DRIFT,0.005000
1766,1766,DRIFT,0.185000
1767,1767,BPM,0.000000
1768,1768,DRIFT,0.484000
1769,1769,BEND,0.933000
1770,1770,DRIFT,0.585800
1771,1771,QUAD,0.406400
1772,1772,DRIFT,0.158300
1773,1773,BPM,0.000000
1774,1774,DRIFT,0.263500
1775,1775,DRIFT,0.005000
1776,1776,SEXT,0.190000
1777,1777,DRIFT,0.005000
1778,1778,DRIFT,0.195200
1779,1779,QUAD,0.407600
1780,1780,DRIFT,0.118700
1781,1781,BPM,0.000000
1782,1782,DRIFT,0.116000
1783,1783,DRIFT,0.005000
1784,1784,SEXT,0.290000
1785,1785,DRIFT,0.005000
1786,1786,DRIFT,0.234700
1787,1787,QUAD,0.407600
1788,1788,DRIFT,0.195200
1789,1789,DRIFT,0.005000
1790,1790,SEXT,0.190000
1791,1791,DRIFT,0.005000
1792,1792,DRIFT,0.421800
1793,1793,QUAD,0.406400
1794,1794,DRIFT,0.101800
1795,1795,BPM,0.000000
1796,1796,DRIFT,0.484000
1797,1797,BEND,0.933000
1798,1798,DRIFT,0.669000
1799,1799,DRIFT,0.005000
1800,1800,SEXT,0.290000
1801,1801,DRIFT,0.005000
1802,1802,DRIFT,0.196500
1803,1803,QUAD,0.307000
1804,1804,DRIFT,0.173000
1805,1805,BPM,0.000000
1806,1806,DRIFT,0.285350
1807,1807,QUAD,0.606300
1808,1808,DRIFT,0.231850
1809,1809,DRIFT,0.005000
1810,1810,SEXT,0.290000
1811,1811,DRIFT,0.005000
1812,1812,DRIFT,0.146800
1813,1813,QUAD,0.406400
1814,1814,DRIFT,1.288300
1815,1815,BPM,0.000000
1816,1816,DRIFT,0.002500
1817,1817,DRIFT,0.150000
1818,1818,HTRIM,0.000000
1819,1819,VTRIM,0.000000
1820,1820,DRIFT,0.150000
1821,1821,DRIFT,4.077500
1822,1822,source,0.000000
1823,1823,DRIFT,4.077500
1824,1824,DRIFT,0.150000
1825,1825,HTRIM,0.000000
1826,1826,VTRIM,0.000000
1827,1827,DRIFT,0.150000
1828,1828,DRIFT,0.002500
1829,1829,BPM,0.000000
1830,1830,DRIFT,1.288300
1831,1831,QUAD,0.406400
1832,1832,DRIFT,0.146800
1833,1833,DRIFT,0.005000
1834,1834,SEXT,0.290000
1835,1835,DRIFT,0.005000
1836,1836,DRIFT,0.231850
1837,1837,QUAD,0.606300
1838,1838,DRIFT,0.458350
1839,1839,QUAD,0.307000
1840,1840,DRIFT,0.196500
1841,1841,DRIFT,0.005000
1842,1842,SEXT,0.290000
1843,1843,DRIFT,0.005000
1844,1844,DRIFT,0.185000
1845,1845,BPM,0.000000
1846,1846,DRIFT,0.484000
1847,1847,BEND,0.933000
1848,1848,DRIFT,0.585800
1849,1849,QUAD,0.406400
1850,1850,DRIFT,0.158300
1851,1851,BPM,0.000000
1852,1852,DRIFT,0.263500
1853,1853,DRIFT,0.005000
1854,1854,SEXT,0.190000
1855,1855,DRIFT,0.005000
1856,1856,DRIFT,0.195200
1857,1857,QUAD,0.407600
1858,1858,DRIFT,0.118700
1859,1859,BPM,0.000000
1860,1860,DRIFT,0.116000
1861,1861,DRIFT,0.005000
1862,1862,SEXT,0.290000
1863,1863,DRIFT,0.005000
1864,1864,DRIFT,0.234700
1865,1865,QUAD,0.407600
1866,1866,DRIFT,0.195200
1867,1867,DRIFT,0.005000
1868,1868,SEXT,0.190000
1869,1869,DRIFT,0.005000
1870,1870,DRIFT,0.421800
1871,1871,QUAD,0.406400
1872,1872,DRIFT,0.101800
1873,1873,BPM,0.000000
1874,1874,DRIFT,0.484000
1875,1875,source,0.000000
1876,1876,BEND,0.933000
1877,1877,DRIFT,0.669000
1878,1878,DRIFT,0.005000
1879,1879,SEXT,0.290000
1880,1880,DRIFT,0.005000
1881,1881,DRIFT,0.196500
1882,1882,QUAD,0.307000
1883,1883,DRIFT,0.173000
1884,1884,BPM,0.000000
1885,1885,DRIFT,0.285350
1886,1886,QUAD,0.606300
1887,1887,DRIFT,0.231850
1888,1888,DRIFT,0.005000
1889,1889,SEXT,0.290000
1890,1890,DRIFT,0.005000
1891,1891,DRIFT,0.146800
1892,1892,QUAD,0.406400
1893,1893,DRIFT,1.288300
1894,1894,BPM,0.000000
1895,1895,DRIFT,0.002500
1896,1896,DRIFT,0.150000
1897,1897,HTRIM,0.000000
1898,1898,VTRIM,0.000000
1899,1899,DRIFT,0.150000
1900,1900,DRIFT,2.577500
1901,1901,source,0.000000
1902,1902,DRIFT,2.577500
1903,1903,DRIFT,0.150000
1904,1904,HTRIM,0.000000
1905,1905,VTRIM,0.000000
1906,1906,DRIFT,0.150000
1907,1907,DRIFT,0.002500
1908,1908,BPM,0.000000
1909,1909,DRIFT,1.288300
1910,1910,QUAD,0.406400
1911,1911,DRIFT,0.146800
1912,1912,DRIFT,0.005000
1913,1913,SEXT,0.290000
1914,1914,DRIFT,0.005000
1915,1915,DRIFT,0.231850
1916,1916,QUAD,0.606300
1917,1917,DRIFT,0.458350
1918,1918,QUAD,0.307000
1919,1919,DRIFT,0.196500
1920,1920,DRIFT,0.005000
1921,1921,SEXT,0.290000
1922,1922,DRIFT,0.005000
1923,1923,DRIFT,0.185000
1924,1924,BPM,0.000000
1925,1925,DRIFT,0.484000
1926,1926,BEND,0.933000
1927,1927,DRIFT,0.585800
1928,1928,QUAD,0.406400
1929,1929,DRIFT,0.158300
1930,1930,BPM,0.000000
1931,1931,DRIFT,0.263500
1932,1932,DRIFT,0.005000
1933,1933,SEXT,0.190000
1934,1934,DRIFT,0.005000
1935,1935,DRIFT,0.195200
1936,1936,QUAD,0.407600
1937,1937,DRIFT,0.118700
1938,1938,BPM,0.000000
1939,1939,DRIFT,0.116000
1940,1940,DRIFT,0.005000
1941,1941,SEXT,0.290000
1942,1942,DRIFT,0.005000
1943,1943,DRIFT,0.234700
1944,1944,QUAD,0.407600
1945,1945,DRIFT,0.195200
1946,1946,DRIFT,0.005000
1947,1947,SEXT,0.190000
1948,1948,DRIFT,0.005000
1949,1949,DRIFT,0.421800
1950,1950,QUAD,0.406400
1951,1951,DRIFT,0.101800
1952,1952,BPM,0.000000
1953,1953,DRIFT,0.484000
1954,1954,source,0.000000
1955,1955,BEND,0.933000
1956,1956,DRIFT,0.669000
1957,1957,DRIFT,0.005000
1958,1958,SEXT,0.290000
1959,1959,DRIFT,0.005000
1960,1960,DRIFT,0.196500
1961,1961,QUAD,0.307000
1962,1962,DRIFT,0.173000
1963,1963,BPM,0.000000
1964,1964,DRIFT,0.285350
1965,1965,QUAD,0.606300
1966,1966,DRIFT,0.231850
1967,1967,DRIFT,0.005000
1968,1968,SEXT,0.290000
1969,1969,DRIFT,0.005000
1970,1970,DRIFT,0.146800
1971,1971,QUAD,0.406400
1972,1972,DRIFT,1.288300
1973,1973,BPM,0.000000
1974,1974,DRIFT,0.002500
1975,1975,DRIFT,0.150000
1976,1976,HTRIM,0.000000
1977,1977,VTRIM,0.000000
1978,1978,DRIFT,0.150000
1979,1979,DRIFT,2.577500
1980,1980,source,0.000000
1981,1981,DRIFT,2.577500
1982,1982,DRIFT,0.150000
1983,1983,HTRIM,0.000000
1984,1984,VTRIM,0.000000
1985,1985,DRIFT,0.150000
1986,1986,DRIFT,0.002500
1987,1987,BPM,0.000000
1988,1988,DRIFT,1.288300
1989,1989,QUAD,0.406400
1990,1990,DRIFT,0.146800
1991,1991,DRIFT,0.005000
1992,1992,SEXT,0.290000
1993,1993,DRIFT,0.005000
1994,1994,DRIFT,0.231850
1995,1995,QUAD,0.606300
1996,1996,DRIFT,0.458350
1997,1997,QUAD,0.307000
1998,1998,DRIFT,0.196500
1999,1999,DRIFT,0.005000
2000,2000,SEXT,0.290000
2001,2001,DRIFT,0.005000
2002,2002,DRIFT,0.185000
2003,2003,BPM,0.000000
2004,2004,DRIFT,0.484000
2005,2005,BEND,0.933000
2006,2006,DRIFT,0.585800
2007,2007,QUAD,0.406400
2008,2008,DRIFT,0.158300
2009,2009,BPM,0.000000
2010,2010,DRIFT,0.263500
2011,2011,DRIFT,0.005000
2012,2012,SEXT,0.190000
2013,2013,DRIFT,0.005000
2014,2014,DRIFT,0.195200
2015,2015,QUAD,0.407600
2016,2016,DRIFT,0.118700
2017,2017,BPM,0.000000
2018,2018,DRIFT,0.116000
2019,2019,DRIFT,0.005000
2020,2020,SEXT,0.290000
2021,2021,DRIFT,0.005000
2022,2022,DRIFT,0.234700
2023,2023,QUAD,0.407600
2024,2024,DRIFT,0.195200
2025,2025,DRIFT,0.005000
2026,2026,SEXT,0.190000
2027,2027,DRIFT,0.005000
2028,2028,DRIFT,0.421800
2029,2029,QUAD,0.406400
2030,2030,DRIFT,0.101800
2031,2031,BPM,0.000000
2032,2032,DRIFT,0.484000
2033,2033,source,0.000000
2034,2034,BEND,0.933000
2035,2035,DRIFT,0.669000
2036,2036,DRIFT,0.005000
2037,2037,SEXT,0.290000
2038,2038,DRIFT,0.005000
2039,2039,DRIFT,0.196500
2040,2040,QUAD,0.307000
2041,2041,DRIFT,0.173000
2042,2042,BPM,0.000000
2043,2043,DRIFT,0.285350
2044,2044,QUAD,0.606300
2045,2045,DRIFT,0.231850
2046,2046,DRIFT,0.005000
2047,2047,SEXT,0.290000
2048,2048,DRIFT,0.005000
2049,2049,DRIFT,0.146800
2050,2050,QUAD,0.406400
2051,2051,DRIFT,1.288300
2052,2052,BPM,0.000000
2053,2053,DRIFT,0.002500
2054,2054,DRIFT,0.150000
2055,2055,HTRIM,0.000000
2056,2056,VTRIM,0.000000
2057,2057,DRIFT,0.150000
2058,2058,DRIFT,2.577500
2059,2059,source,0.000000
2060,2060,DRIFT,2.577500
2061,2061,DRIFT,0.150000
2062,2062,HTRIM,0.000000
2063,2063,VTRIM,0.000000
2064,2064,DRIFT,0.150000
2065,2065,DRIFT,0.002500
2066,2066,BPM,0.000000
2067,2067,DRIFT,1.288300
2068,2068,QUAD,0.406400
2069,2069,DRIFT,0.146800
2070,2070,DRIFT,0.005000
2071,2071,SEXT,0.290000
2072,2072,DRIFT,0.005000
2073,2073,DRIFT,0.231850
2074,2074,QUAD,0.606300
2075,2075,DRIFT,0.458350
2076,2076,QUAD,0.307000
2077,2077,DRIFT,0.196500
2078,2078,DRIFT,0.005000
2079,2079,SEXT,0.290000
2080,2080,DRIFT,0.005000
2081,2081,DRIFT,0.185000
2082,2082,BPM,0.000000
2083,2083,DRIFT,0.484000
2084,2084,BEND,0.933000
2085,2085,DRIFT,0.585800
2086,2086,QUAD,0.406400
2087,2087,DRIFT,0.158300
2088,2088,BPM,0.000000
2089,2089,DRIFT,0.263500
2090,2090,DRIFT,0.005000
2091,2091,SEXT,0.190000
2092,2092,DRIFT,0.005000
2093,2093,DRIFT,0.195200
2094,2094,QUAD,0.407600
2095,2095,DRIFT,0.118700
2096,2096,BPM,0.000000
2097,2097,DRIFT,0.116000
2098,2098,DRIFT,0.005000
2099,2099,SEXT,0.290000
2100,2100,DRIFT,0.005000
2101,2101,DRIFT,0.234700
2102,2102,QUAD,0.407600
2103,2103,DRIFT,0.195200
2104,2104,DRIFT,0.005000
2105,2105,SEXT,0.190000
2106,2106,DRIFT,0.005000
2107,2107,DRIFT,0.421800
2108,2108,QUAD,0.406400
2109,2109,DRIFT,0.101800
2110,2110,BPM,0.000000
2111,2111,DRIFT,0.484000
2112,2112,source,0.000000
2113,2113,BEND,0.933000
2114,2114,DRIFT,0.669000
2115,2115,DRIFT,0.005000
2116,2116,SEXT,0.290000
2117,2117,DRIFT,0.005000
2118,2118,DRIFT,0.196500
2119,2119,QUAD,0.307000
2120,2120,DRIFT,0.173000
2121,2121,BPM,0.000000
2122,2122,DRIFT,0.285350
2123,2123,QUAD,0.606300
2124,2124,DRIFT,0.231850
2125,2125,DRIFT,0.005000
2126,2126,SEXT,0.290000
2127,2127,DRIFT,0.005000
2128,2128,DRIFT,0.146800
2129,2129,QUAD,0.406400
2130,2130,DRIFT,1.288300
2131,2131,BPM,0.000000
2132,2132,DRIFT,4.380000
2133,2133,DCCT,0.000000
